{
  "num_grasps": 8,
  "grasps": [
    [
      [
        0.781093418598175,
        -0.6221322417259216,
        -0.05333437770605087,
        2.0916852951049805
      ],
      [
        -0.6241678595542908,
        -0.7803308367729187,
        -0.0387074239552021,
        2.207627058029175
      ],
      [
        -0.017537303268909454,
        0.06352371722459793,
        -0.9978262186050415,
        0.7526540160179138
      ],
      [
        0.0,
        0.0,
        0.0,
        1.0
      ]
    ],
    [
      [
        0.5900025367736816,
        -0.8070472478866577,
        -0.02391018532216549,
        2.0954747200012207
      ],
      [
        -0.8073991537094116,
        -0.5898110270500183,
        -0.015149567276239395,
        2.210052013397217
      ],
      [
        -0.0018760593375191092,
        0.028243346139788628,
        -0.9995993375778198,
        0.7601823806762695
      ],
      [
        0.0,
        0.0,
        0.0,
        1.0
      ]
    ],
    [
      [
        0.6685899496078491,
        -0.7410827279090881,
        -0.061513856053352356,
        2.095937728881836
      ],
      [
        -0.7435383796691895,
        -0.6649076342582703,
        -0.07105332612991333,
        2.2145633697509766
      ],
      [
        0.011755325831472874,
        0.09324344992637634,
        -0.9955739974975586,
        0.7547129988670349
      ],
      [
        0.0,
        0.0,
        0.0,
        1.0
      ]
    ],
    [
      [
        0.6280556917190552,
        -0.672141969203949,
        0.3921367824077606,
        2.0479702949523926
      ],
      [
        -0.7780856490135193,
        -0.5350744128227234,
        0.32905638217926025,
        2.1728389263153076
      ],
      [
        -0.011350302025675774,
        -0.5117817521095276,
        -0.8590404987335205,
        0.7318527102470398
      ],
      [
        0.0,
        0.0,
        0.0,
        1.0
      ]
    ],
    [
      [
        0.6605559587478638,
        -0.7505834102630615,
        0.017038781195878983,
        2.092435836791992
      ],
      [
        -0.7498458623886108,
        -0.6584372520446777,
        0.06474243104457855,
        2.2005159854888916
      ],
      [
        -0.03737562149763107,
        -0.05554245784878731,
        -0.9977566003799438,
        0.763658344745636
      ],
      [
        0.0,
        0.0,
        0.0,
        1.0
      ]
    ],
    [
      [
        0.6887121796607971,
        -0.7226860523223877,
        0.05831204727292061,
        2.0852863788604736
      ],
      [
        -0.7222498059272766,
        -0.6908867359161377,
        -0.03210272267460823,
        2.2113733291625977
      ],
      [
        0.0634872242808342,
        -0.02000632882118225,
        -0.9977821111679077,
        0.7508718371391296
      ],
      [
        0.0,
        0.0,
        0.0,
        1.0
      ]
    ],
    [
      [
        0.6082949042320251,
        -0.7761211395263672,
        0.166172593832016,
        2.072175979614258
      ],
      [
        -0.790229856967926,
        -0.6117923855781555,
        0.035311322659254074,
        2.203772783279419
      ],
      [
        0.07425722479820251,
        -0.1527942419052124,
        -0.9854642748832703,
        0.7478540539741516
      ],
      [
        0.0,
        0.0,
        0.0,
        1.0
      ]
    ],
    [
      [
        0.7266234159469604,
        -0.6821563839912415,
        -0.08173833787441254,
        2.102263927459717
      ],
      [
        -0.685063898563385,
        -0.7283996939659119,
        -0.011022388935089111,
        2.2105813026428223
      ],
      [
        -0.05201919749379158,
        0.06400510668754578,
        -0.9965928792953491,
        0.7605616450309753
      ],
      [
        0.0,
        0.0,
        0.0,
        1.0
      ]
    ]
  ],
  "contacts": [
    [
      2.0722086429595947,
      2.2147815227508545,
      0.6497922539710999
    ],
    [
      2.0801124572753906,
      2.2261247634887695,
      0.6568648219108582
    ],
    [
      2.0776262283325195,
      2.2205071449279785,
      0.6515605449676514
    ],
    [
      2.074796199798584,
      2.2238621711730957,
      0.6432758569717407
    ],
    [
      2.0797665119171143,
      2.2235920429229736,
      0.6613068580627441
    ],
    [
      2.0762693881988525,
      2.223832845687866,
      0.6463141441345215
    ],
    [
      2.076068878173828,
      2.2246880531311035,
      0.6443347334861755
    ],
    [
      2.077937602996826,
      2.2244081497192383,
      0.6586503982543945
    ]
  ],
  "source": "m2t2",
  "model_path": "/workspace/SAGE/M2T2/m2t2.pth",
  "num_views_m2t2": 1,
  "per_demo": [
    {
      "demo_idx": 0,
      "variant_layout_json": "/workspace/SAGE/server/results/layout_568ca64c/pose_aug_0/00.json",
      "pick_object": {
        "id": "room_09af56a9_salt_baa7f3ce",
        "type": "salt",
        "source_id": "a723e5ea"
      },
      "place_surface": {
        "id": "room_09af56a9_table_ac4abec2",
        "type": "table",
        "source_id": "afe3058e"
      }
    },
    {
      "demo_idx": 1,
      "variant_layout_json": "/workspace/SAGE/server/results/layout_568ca64c/pose_aug_0/01.json",
      "pick_object": {
        "id": "room_09af56a9_salt_baa7f3ce",
        "type": "salt",
        "source_id": "a723e5ea"
      },
      "place_surface": {
        "id": "room_09af56a9_table_ac4abec2",
        "type": "table",
        "source_id": "afe3058e"
      }
    },
    {
      "demo_idx": 2,
      "variant_layout_json": "/workspace/SAGE/server/results/layout_568ca64c/pose_aug_0/02.json",
      "pick_object": {
        "id": "room_09af56a9_salt_baa7f3ce",
        "type": "salt",
        "source_id": "a723e5ea"
      },
      "place_surface": {
        "id": "room_09af56a9_table_ac4abec2",
        "type": "table",
        "source_id": "afe3058e"
      }
    },
    {
      "demo_idx": 3,
      "variant_layout_json": "/workspace/SAGE/server/results/layout_568ca64c/pose_aug_0/03.json",
      "pick_object": {
        "id": "room_09af56a9_salt_baa7f3ce",
        "type": "salt",
        "source_id": "a723e5ea"
      },
      "place_surface": {
        "id": "room_09af56a9_table_ac4abec2",
        "type": "table",
        "source_id": "afe3058e"
      }
    },
    {
      "demo_idx": 4,
      "variant_layout_json": "/workspace/SAGE/server/results/layout_568ca64c/pose_aug_0/04.json",
      "pick_object": {
        "id": "room_09af56a9_salt_baa7f3ce",
        "type": "salt",
        "source_id": "a723e5ea"
      },
      "place_surface": {
        "id": "room_09af56a9_table_ac4abec2",
        "type": "table",
        "source_id": "afe3058e"
      }
    },
    {
      "demo_idx": 5,
      "variant_layout_json": "/workspace/SAGE/server/results/layout_568ca64c/pose_aug_0/05.json",
      "pick_object": {
        "id": "room_09af56a9_salt_baa7f3ce",
        "type": "salt",
        "source_id": "a723e5ea"
      },
      "place_surface": {
        "id": "room_09af56a9_table_ac4abec2",
        "type": "table",
        "source_id": "afe3058e"
      }
    },
    {
      "demo_idx": 6,
      "variant_layout_json": "/workspace/SAGE/server/results/layout_568ca64c/pose_aug_0/06.json",
      "pick_object": {
        "id": "room_09af56a9_salt_baa7f3ce",
        "type": "salt",
        "source_id": "a723e5ea"
      },
      "place_surface": {
        "id": "room_09af56a9_table_ac4abec2",
        "type": "table",
        "source_id": "afe3058e"
      }
    },
    {
      "demo_idx": 7,
      "variant_layout_json": "/workspace/SAGE/server/results/layout_568ca64c/pose_aug_0/07.json",
      "pick_object": {
        "id": "room_09af56a9_salt_baa7f3ce",
        "type": "salt",
        "source_id": "a723e5ea"
      },
      "place_surface": {
        "id": "room_09af56a9_table_ac4abec2",
        "type": "table",
        "source_id": "afe3058e"
      }
    }
  ]
}
